exon1 = -1.4301

exon2 = -1.36292

exon3 = -1.38285

exon4 = -1.38275

exon5 = -1.41926

exon6 = -1.36678

exon7 = -1.39873

exon8 = -1.36005

exon9 = -1.42745

exon10 = -1.40008

intron1 = -1.35932?

intron2 = -1.390688?

intron3 = -1.38084

intron4 = -1.364304?

intron5 = -1.375526?